0 0 211 211 1.0 0
0 106 211 317 1.0 0
0 2120 211 2331 1.0 0
0 2226 211 2437 1.0 0
106 0 317 211 1.0 0
106 1378 317 1589 1.0 0
106 2120 317 2331 1.0 0
106 2226 317 2437 1.0 0
212 1378 423 1589 1.0 0
212 2120 423 2331 1.0 0
212 2226 423 2437 1.0 0
318 636 529 847 1.0 0
424 636 635 847 1.0 0
424 2862 635 3073 1.0 0
424 2968 635 3179 1.0 0
530 742 741 953 1.0 0
530 2862 741 3073 1.0 0
530 2968 741 3179 1.0 0
848 636 1059 847 1.0 0
848 1378 1059 1589 1.0 0
954 636 1165 847 1.0 0
954 1378 1165 1589 1.0 0
954 1484 1165 1695 1.0 0
1060 1378 1271 1589 1.0 0
1060 1484 1271 1695 1.0 0
1378 2120 1589 2331 1.0 0
1378 2226 1589 2437 1.0 0
1484 2120 1695 2331 1.0 0
1484 2226 1695 2437 1.0 0
1484 2332 1695 2543 1.0 0
0 0 158 158 1.0 0
0 80 158 238 1.0 0
0 160 158 318 1.0 0
80 0 238 158 1.0 0
80 80 238 238 1.0 0
80 160 238 318 1.0 0
80 1360 238 1518 1.0 0
80 2160 238 2318 1.0 0
80 2240 238 2398 1.0 0
160 1360 318 1518 1.0 0
160 2160 318 2318 1.0 0
160 2240 318 2398 1.0 0
400 640 558 798 1.0 0
480 640 638 798 1.0 0
480 2880 638 3038 1.0 0
480 2960 638 3118 1.0 0
560 2880 718 3038 1.0 0
560 2960 718 3118 1.0 0
560 3040 718 3198 1.0 0
880 640 1038 798 1.0 0
880 1360 1038 1518 1.0 0
960 640 1118 798 1.0 0
960 1360 1118 1518 1.0 0
1040 1360 1198 1518 1.0 0
1040 1440 1198 1598 1.0 0
1440 2160 1598 2318 1.0 0
1440 2240 1598 2398 1.0 0
1520 2160 1678 2318 1.0 0
1520 2240 1678 2398 1.0 0
1520 2320 1678 2478 1.0 0
53 53 158 158 1.0 0
53 106 158 211 1.0 0
53 159 158 264 1.0 0
106 53 211 158 1.0 0
106 2226 211 2331 1.0 0
159 1431 264 1536 1.0 0
159 2173 264 2278 1.0 0
159 2226 264 2331 1.0 0
212 1431 317 1536 1.0 0
212 2226 317 2331 1.0 0
477 2915 582 3020 1.0 0
477 2968 582 3073 1.0 0
530 2915 635 3020 1.0 0
530 2968 635 3073 1.0 0
583 2915 688 3020 1.0 0
583 2968 688 3073 1.0 0
954 689 1059 794 1.0 0
1007 689 1112 794 1.0 0
1060 1431 1165 1536 1.0 0
1060 1484 1165 1589 1.0 0
1484 2279 1589 2384 1.0 0
1537 2226 1642 2331 1.0 0
1537 2279 1642 2384 1.0 0
