123 205 203 285 0.985074626866 0.5271875
164 205 244 285 0.985074626866 0.5796875
246 205 326 285 1.0 0.5990625
287 205 367 285 0.970149253731 0.670625
533 205 613 285 0.925373134328 0.5053125
861 205 941 285 0.910447761194 0.73859375
123 246 203 326 0.985074626866 0.668125
246 246 326 326 0.985074626866 0.63296875
287 246 367 326 0.970149253731 0.84703125
328 246 408 326 0.940298507463 0.6309375
410 246 490 326 0.925373134328 0.62421875
451 246 531 326 1.0 0.53390625
533 246 613 326 0.925373134328 0.69046875
656 246 736 326 0.940298507463 0.50453125
697 246 777 326 0.970149253731 0.5109375
738 246 818 326 0.985074626866 0.5190625
820 246 900 326 0.925373134328 0.5078125
287 287 367 367 0.910447761194 0.54046875
328 287 408 367 0.910447761194 0.5040625
533 287 613 367 0.910447761194 0.5346875
205 533 285 613 0.955223880597 0.79703125
492 533 572 613 0.910447761194 0.811875
205 574 285 654 0.955223880597 0.829375
492 574 572 654 0.925373134328 0.78078125
738 574 818 654 0.910447761194 0.5659375
533 861 613 941 0.910447761194 0.5184375
123 902 203 982 0.985074626866 0.58484375
328 902 408 982 0.910447761194 0.603125
533 902 613 982 0.925373134328 0.6515625
697 902 777 982 0.925373134328 0.5315625
123 1230 203 1310 0.970149253731 0.67890625
164 1230 244 1310 0.970149253731 0.5703125
287 1230 367 1310 0.925373134328 0.69046875
