369 41 449 121 0.913978494624 0.9334375
410 41 490 121 0.903225806452 0.94890625
902 41 982 121 0.956989247312 0.54359375
328 82 408 162 0.913978494624 0.8796875
369 82 449 162 0.935483870968 0.93921875
410 82 490 162 0.935483870968 0.93453125
656 82 736 162 0.989247311828 0.51953125
1025 82 1105 162 0.989247311828 0.65265625
1066 82 1146 162 0.978494623656 0.6178125
328 123 408 203 0.978494623656 0.608125
369 123 449 203 0.989247311828 0.61796875
410 123 490 203 0.978494623656 0.6165625
615 123 695 203 0.989247311828 0.57
656 123 736 203 0.989247311828 0.60078125
984 123 1064 203 0.956989247312 0.54078125
1025 123 1105 203 0.956989247312 0.76109375
1066 123 1146 203 0.935483870968 0.60703125
123 164 203 244 0.903225806452 0.5321875
615 164 695 244 0.956989247312 0.53625
656 164 736 244 0.967741935484 0.61421875
1025 164 1105 244 0.903225806452 0.69265625
41 205 121 285 0.94623655914 0.57140625
656 205 736 285 0.94623655914 0.52390625
0 246 80 326 0.924731182796 0.53296875
41 246 121 326 0.924731182796 0.65671875
656 246 736 326 0.924731182796 0.5259375
205 287 285 367 0.94623655914 0.67609375
205 328 285 408 0.956989247312 0.808125
246 328 326 408 1.0 0.54109375
287 328 367 408 0.978494623656 0.58734375
369 328 449 408 0.903225806452 0.928125
492 328 572 408 0.913978494624 0.730625
41 369 121 449 1.0 0.6346875
82 369 162 449 0.989247311828 0.705
123 369 203 449 0.903225806452 0.80375
164 369 244 449 0.935483870968 0.8165625
205 369 285 449 0.978494623656 0.62125
328 369 408 449 0.967741935484 0.6315625
369 369 449 449 0.956989247312 0.67546875
410 369 490 449 0.913978494624 0.56640625
205 492 285 572 0.935483870968 0.5390625
246 492 326 572 0.94623655914 0.5353125
287 492 367 572 0.913978494624 0.51421875
164 533 244 613 0.913978494624 0.72125
205 533 285 613 0.956989247312 0.82125
246 533 326 613 0.94623655914 0.85125
287 533 367 613 0.903225806452 0.62078125
369 533 449 613 0.903225806452 0.57296875
492 533 572 613 0.903225806452 0.529375
246 574 326 654 0.903225806452 0.86078125
943 574 1023 654 0.967741935484 0.505
615 615 695 695 0.903225806452 0.6465625
656 615 736 695 0.903225806452 0.63953125
943 615 1023 695 0.903225806452 0.50109375
1107 615 1187 695 0.967741935484 0.6065625
1148 615 1200 695 0.94623655914 0.635336538462
123 656 203 736 0.903225806452 0.580625
697 656 777 736 0.956989247312 0.529375
1148 656 1200 736 0.935483870968 0.532692307692
